1000               
6679 9828			
4879 120
2478 7718
1383 3648
792 7548
2232 8523
6143 2656
3782 1436
9752 6385
9753 8573
7645 6337
4499 1257
7554 8022
1388 6922
7914 1147
5031 9019
7025 3078
765 4340
705 1857
1159 5123
9112 5395
926 2399
6886 1839
229 5453
3402 794
8939 8598
1028 4350
2676 1661
6642 7428
5487 6347
7085 596
3080 6452
6562 773
1693 9490
6060 8241
6218 8183
9631 1608
3335 893
8381 5938
6287 9536
6571 7375
6441 3664
1794 841
7721 6346
9648 7703
2966 5437
3655 8202
2716 7423
2731 617
5457 4736
838 7815
9745 2236
2037 905
2500 3884
9634 6379
621 8571
3427 9330
6011 3363
8503 8714
2778 9679
6686 6991
7520 5569
2824 1582
2259 7708
4586 2003
2000 6632
5719 3442
4771 2539
7331 8856
5308 868
3039 9273
8741 5528
1 1
6783 8672
4956 5023
1069 4879
1483 53
8766 1662
9176 4270
1413 9001
7337 5634
9882 5577
8767 6602
3712 1267
3967 9181
6799 9262
2907 2277
2009 7294
808 6400
4511 8949
3944 3674
2436 4007
3151 4032
6166 2788
8448 4116
9498 1616
1039 7670
47 7124
3662 623
6136 1676
6715 214
2629 1560
95 7965
1472 5374
1982 5995
7562 4172
3571 8186
8638 4817
6651 4224
5802 403
1455 6888
8987 5248
2901 815
9056 3439
701 4986
460 2942
8494 6909
6070 4644
3913 9531
2027 4886
5371 4155
456 469
325 4231
4283 6604
8094 9237
3673 5580
7165 7200
1967 8441
1745 9694
852 76
331 7786
4715 7322
1841 2833
8547 8777
3987 1550
1648 4800
4455 7928
9026 46
4079 7097
6827 6120
3208 136
3324 6773
7163 2590
4606 7123
3013 7778
9227 6434
4081 1503
1853 7222
5674 1706
8331 2608
1092 5215
2769 771
4403 4747
4327 1265
2088 1689
6415 6429
1337 9528
8521 7056
9415 8905
6761 2375
4760 9459
6893 5834
2397 8233
3138 3436
6531 4633
7078 7399
9620 8564
2133 8536
7461 427
191 2869
2688 1062
3270 9516
6209 941
9578 5885
3507 9913
9367 3124
4962 978
643 4906
5345 5457
4523 4604
1331 28
8829 9032
116 8327
8637 1213
4263 2864
4138 1450
7135 9352
1000 4212
5937 6287
2494 9330
638 5999
1280 1914
2676 1421
4188 4740
5836 7501
5039 5516
843 1997
5471 2771
4971 3543
560 1308
3057 4874
2537 3753
8302 6848
9598 8733
5480 7559
5582 3081
7393 7161
2668 2442
5341 1798
320 7967
934 2615
8102 5046
9522 6492
4812 4494
7961 7173
6261 172
7241 9890
2139 5368
9444 1220
1902 1679
2951 1436
8072 5209
6507 5785
2388 5019
9781 964
5752 9140
5320 8127
8280 8753
1367 5615
4740 1467
8478 8023
3791 1309
4065 8190
9080 9273
6897 2990
4674 1499
2844 6910
8814 4939
5563 2103
1142 1573
2204 4392
2506 1193
9288 2515
4222 1277
1301 552
7527 7337
299 6287
4275 7608
7160 9976
2344 5596
8685 1830
754 7792
4969 8125
2271 4341
3996 9265
2484 3416
3667 6240
5064 6144
2288 1645
494 8411
1625 638
9366 9368
6814 540
3227 1036
3542 8296
5068 5543
1145 4026
8132 7774
357 9378
60 5337
3923 4273
5886 2476
1377 3446
218 8696
4848 1460
515 1026
261 6825
6760 5672
6802 6207
4542 5249
5076 3812
2 8244
7300 6252
7418 2277
1816 2044
9107 3766
9778 1742
3434 9066
390 5170
8142 9098
9182 2825
5314 9914
4976 8217
6133 9282
2188 4863
732 1215
544 9342
8516 7906
4254 4259
9603 286
75 7883
5798 2852
7912 1208
4066 3881
8146 8114
7934 4052
5820 9218
5844 5483
3458 6999
9990 6845
445 3467
2693 9823
3580 7549
8362 2657
8495 8487
527 7864
5013 3575
60 2132
2293 1752
2869 4465
6006 5904
9001 6344
6441 9969
6370 9525
8475 3506
6522 9089
7270 4062
706 8808
8663 7249
6674 2474
7896 7456
6718 7763
2590 5345
1278 8829
5505 7677
9779 515
1873 5779
671 7141
7877 2325
843 5913
8948 6226
233 4199
670 9837
130 7290
962 2339
2438 947
9999 9998
1481 4280
918 5639
3914 1015
6749 7599
3653 4573
9339 4363
2120 1228
6273 2614
5296 2438
180 7960
5547 4133
5270 1138
3245 8773
8956 2402
9789 4822
1279 3155
7343 165
2957 7684
7282 1378
5608 4750
6426 5337
9844 4896
1445 1539
7459 1317
1143 1509
2323 7659
9736 3077
1380 8619
8947 2146
2045 9102
6479 8691
1622 8076
5144 484
6588 389
1381 2759
9818 6282
1186 3351
7445 4467
285 92
7349 9529
3954 4148
8913 2427
9457 7758
4394 8627
9749 7376
477 9487
7877 8296
1843 7891
5877 8220
6002 2516
1060 5844
428 196
6637 8077
1117 1083
10000 9999
3775 730
9144 3997
871 8216
5749 1825
2551 8351
2546 9351
6652 6990
4734 9999
9432 3502
3148 9206
2080 3975
5245 2476
9940 9107
1 10000
2916 5600
7974 7050
7879 4016
8746 9615
3732 4362
8500 8309
3547 1833
8850 8039
9819 8658
8186 775
1260 1199
4183 4424
9780 9297
6090 8340
1404 783
7277 462
5050 6026
5560 4406
9495 8100
3942 3874
2416 9818
1519 2321
9623 800
2557 8865
8609 2923
217 3216
2584 3886
5358 1172
6216 6087
5522 8741
9324 609
7258 8360
6808 3450
9437 2444
4534 1845
8534 5799
7228 3919
693 9128
2938 9292
8412 9028
5270 4065
2964 7835
2738 617
8663 8201
6347 4411
4390 2672
2746 4816
9978 2451
5165 5111
7933 3331
7828 5963
3937 9332
8550 8849
9829 3375
9268 501
8846 8184
9203 3284
7410 3454
7748 9530
1940 4344
5053 2875
2924 4436
9640 9556
4294 4280
1177 401
9457 3620
290 2318
3183 4964
4920 4481
9050 6560
4773 7772
9835 3301
9654 1629
7459 3819
1485 2680
5412 7816
1295 6778
3974 3722
1357 9829
5141 2774
1052 8025
4335 7477
7215 7855
9993 3100
2793 1998
7393 8098
6694 5528
43 500
9025 8763
2095 5522
2902 9203
7223 9216
3416 3493
9235 5368
4097 4252
6839 9013
9847 373
1513 2920
7283 1204
1862 6533
4938 9736
5052 6717
3958 7577
9983 8051
5564 503
5454 1073
405 7923
1829 8227
3912 4549
5324 8832
4212 5359
7860 4158
7769 919
782 8652
9326 4312
7742 6672
7505 1647
5762 2833
9341 5111
6782 6077
9133 3511
7521 4066
4716 8209
6375 8982
127 5091
2703 8417
4135 2232
2525 5288
2874 3286
2855 3458
7256 1040
3665 1772
1800 1835
8947 2711
5467 3475
8720 8543
2518 5605
2431 1708
8706 116
548 5163
9789 4646
7222 1579
7985 8175
8768 4331
1138 4715
2291 2736
2138 2869
8584 7241
2974 7485
1648 9694
6881 6324
6694 5106
3350 1448
8169 6895
7632 7316
3492 2369
8243 8359
6576 7159
1194 2034
2215 2831
850 5292
2497 808
883 1128
9994 1872
4332 4932
8519 4350
1973 7002
6214 1735
2877 7088
637 6836
4596 1330
8200 1584
3984 5988
9150 9844
8115 8811
8034 8252
9216 2795
340 7073
7555 9296
3615 8304
1025 5896
7834 9024
2290 8933
8410 6317
2732 3958
7821 6121
1088 60
2743 9872
1589 4679
2870 8706
5714 2425
3311 371
5063 8312
9457 7084
2835 1238
6711 6329
5356 946
9249 1746
3685 4462
1561 8589
929 2873
3088 4264
2747 9564
8881 7218
5552 4959
6354 8201
5809 1340
6984 651
7828 8081
1946 5239
6786 5896
8235 7587
3480 9800
6802 6398
4471 244
4564 3437
8102 3729
958 857
294 978
9222 3453
7219 973
8833 7402
2367 941
9908 1636
1105 4728
2982 4628
9088 7904
4218 4103
7698 1796
9151 4011
8273 3855
3161 9599
4499 342
9032 4106
9599 124
2758 3793
9085 1479
6620 764
2741 5762
787 6487
5796 2492
357 4114
3037 6205
4076 8283
1396 9118
7567 2698
8634 6255
250 3194
2518 4145
1597 3909
3152 3372
4330 9070
2726 6391
7713 7591
8130 2885
3174 3818
8263 7229
3551 3786
9313 7664
3609 153
645 1868
9474 5490
6947 4253
110 5727
7409 8184
9485 241
4592 3777
7929 269
4871 2468
9426 5107
6118 8614
9308 4255
7178 2179
9357 274
6213 759
2 9889
9365 1000
377 7499
3986 5040
6638 9548
6571 893
2984 9926
4408 6243
6931 3221
1631 5855
758 9384
1673 8795
9973 8414
8131 9199
9950 900
9952 1052
3285 977
8556 4081
5466 757
1145 2192
4576 4931
3484 6320
7695 1709
1702 6826
7561 8374
5502 7078
1790 5111
4379 8430
1409 5917
1796 6296
1658 7831
1290 7326
6644 2363
6907 5599
9247 4144
2199 7365
2590 1227
1780 2359
1136 7716
4964 7663
4657 2096
4292 3283
7752 1359
5437 6438
4936 4382
3996 6326
8658 1852
1444 5373
879 7534
1721 2355
144 7693
540 4672
1423 2941
1012 5364
909 7157
7065 6809
4749 8604
2265 1229
7958 6585
4198 4515
1491 200
1708 2529
5276 9361
6709 3442
9404 6434
3382 6835
2427 9747
7713 536
8740 8191
1275 4230
302 1392
5262 5400
908 8961
8766 8061
7407 4627
630 3350
8929 6451
3450 6762
4690 2448
8997 7628
3253 9552
1194 7609
754 1106
1341 2997
1283 6251
1817 3005
8145 9163
1425 1493
6127 8383
7754 7305
9947 3407
4549 4406
3187 9063
7968 8264
1227 4744
6372 6411
377 831
4078 7629
9164 7650
9968 8551
950 2704
5807 1890
3728 4064
7508 7222
9781 3239
5342 8107
7275 3764
924 8067
8583 117
2317 7659
64 7802
2282 5887
6809 759
1569 3461
7545 3644
9986 1471
4021 4054
8492 8164
9650 5070
7686 1413
1094 1743
24 5994
2238 4154
6338 5101
6359 2004
5170 420
4759 8788
8256 4769
7963 512
9819 363
6706 4199
8172 5716
1622 2190
5736 259
5664 4309
5144 1202
2674 2193
7378 2343
1068 650
5759 7892
8298 1804
885 7169
258 4256
3509 9152
4641 8115
1901 3366
5301 3115
2917 94
35 1847
5323 9223
5904 2990
4056 9875
1745 8108
4899 448
2845 4939
772 5673
2640 9214
1368 8148
121 3373
8801 7516
1026 974
2197 7958
8836 6505
9997 4566
8618 145
6117 1257
9124 8239
7608 6106
9452 1785
6163 4687
4802 4861
9343 595
3938 5776
1978 4980
9290 5924
7349 5725
9919 5347
4245 1475
2735 5631
8572 7938
5422 5820
903 2871
2691 2266
7207 9646
4250 7206
2667 7819
1786 7872
2290 2890
9662 2188
1388 370
4327 7075
6448 1492
1966 4410
2732 4334
8268 7143
2651 5636
1340 7529
6776 3267
1125 8431
8342 703
8515 9973
6522 9757
7493 509
8349 3711
2366 6994
5420 8476
3175 380
8010 1143
9737 9185
9993 9935
9983 9909
9980 9985
9959 9926
9927 9929
9984 9957
9976 9927
9975 9994
9994 9929
9923 9941
9966 9953
9948 9927
9963 9961
9978 9986
9946 9965
9964 9910
9981 9991
9954 9959
9900 9943
9920 9979
9938 9969
9919 9942
9974 9997
9947 9970
9984 9979
9914 9990
9965 9972
9993 9910
9921 9981
9981 9999
9921 9998
9968 9945
9903 9951
9976 9915
9938 9904
9997 9972
9918 9933
9902 9932
9941 9905
9998 9949
9911 9974
10000 9931
9933 9918
9979 9944
9967 9947
10000 10000
9939 9989
9959 9902
9975 9900
9927 9981
9978 9921
9935 9908
9942 9954
9931 9988
9980 9933
9948 9942
9954 9918
9903 9950
9970 9993
10000 9908
9988 9983
9957 9939
9907 9936
9913 9950
9996 9925
9956 9959
9978 9927
9979 10000
9995 9950
9967 9931
9967 9915
9917 9920
9908 9993
9995 9985
9907 9910
9909 9922
9983 9921
9901 9956
9970 9971
9910 9940
9956 9957
9942 9986
9963 9906
9974 9989
9998 9916
9944 9978
9914 9906
9909 9901
9984 9942
9968 9994
9973 9939
9990 9937
9981 9978
9962 9912
9955 9993
9946 9953
9940 9953
9940 9904
9957 9983
9923 9915

#1 33003
#2 6598
#3 19070
#4 9674
#5 13423
#6 19730
#7 17086
#8 10057
#9 32210
#10 36937
#11 28231
#12 10651
#13 31447
#14 14735
#15 15283
#16 27684
#17 19582
#18 8864
#19 4979
#20 11279
#21 28786
#22 6404
#23 16040
#24 7991
#25 7598
#26 35356
#27 9701
#28 8702
#29 28337
#30 23917
#31 12000
#32 18616
#33 11974
#34 19383
#35 28619
#36 28977
#37 19358
#38 7796
#39 28618
#40 31529
#41 28097
#42 20022
#43 5196
#44 28316
#45 34850
#46 16592
#47 22950
#48 19363
#49 6047
#50 20482
#51 13944
#52 21568
#53 5801
#54 12791
#55 31972
#56 13943
#57 24348
#58 18586
#59 34639
#60 23096
#61 27599
#62 26356
#63 8737
#64 18466
#65 12796
#66 16055
#67 18232
#68 14437
#69 32534
#70 10647
#71 23134
#72 28366
#73 5
#74 31015
#75 20179
#76 10647
#77 2140
#78 18274
#79 26093
#80 17703
#81 26024
#82 30652
#83 30796
#84 9415
#85 25477
#86 32226
#87 10419
#88 17110
#89 11881
#90 26419
#91 15447
#92 12903
#93 14462
#94 17465
#95 24615
#96 19175
#97 14583
#98 8490
#99 7416
#100 14419
#101 9502
#102 8406
#103 9964
#104 12620
#105 15016
#106 23141
#107 22850
#108 26522
#109 21662
#110 9365
#111 14832
#112 28139
#113 6872
#114 23918
#115 9524
#116 5819
#117 30991
#118 21480
#119 25814
#120 13412
#121 19185
#122 1916
#123 6973
#124 21790
#125 34866
#126 18561
#127 29005
#128 18791
#129 19838
#130 1473
#131 11518
#132 23992
#133 9385
#134 34879
#135 10666
#136 12189
#137 24447
#138 10556
#139 22095
#140 26162
#141 4720
#142 19807
#143 18585
#144 23368
#145 20744
#146 31278
#147 10679
#148 16576
#149 13751
#150 20428
#151 11250
#152 6539
#153 18459
#154 10385
#155 7670
#156 25839
#157 18231
#158 31416
#159 36811
#160 17325
#161 27979
#162 25588
#163 19659
#164 13293
#165 22318
#166 29236
#167 36663
#168 19380
#169 11577
#170 4676
#171 7227
#172 24183
#173 12077
#174 30613
#175 25489
#176 23530
#177 10484
#178 9248
#179 21721
#180 18438
#181 1782
#182 35950
#183 10522
#184 16449
#185 14287
#186 10647
#187 33046
#188 9489
#189 24653
#190 21759
#191 10743
#192 6469
#193 8092
#194 18041
#195 26743
#196 21260
#197 5527
#198 16191
#199 17098
#200 3635
#201 15830
#202 12625
#203 30489
#204 36950
#205 26182
#206 17115
#207 29436
#208 10363
#209 13482
#210 11588
#211 6760
#212 26075
#213 31998
#214 18809
#215 30500
#216 8692
#217 34312
#218 14436
#219 17563
#220 7297
#221 8676
#222 26464
#223 24826
#224 14476
#225 17089
#226 29579
#227 26758
#228 34322
#229 12652
#230 11596
#231 33268
#232 9675
#233 23993
#234 36984
#235 19090
#236 11660
#237 18797
#238 27152
#239 14661
#240 5507
#241 12960
#242 7298
#243 21666
#244 10334
#245 3620
#246 29991
#247 9410
#248 23414
#249 34317
#250 15322
#251 18627
#252 13585
#253 26021
#254 13003
#255 25590
#256 11863
#257 19737
#258 22631
#259 7934
#260 13096
#261 4408
#262 37777
#263 11365
#264 8069
#265 22887
#266 21422
#267 9629
#268 32159
#269 13598
#270 6644
#271 16565
#272 16100
#273 9274
#274 11839
#275 11752
#276 3058
#277 9917
#278 25067
#279 26224
#280 19678
#281 17863
#282 8632
#283 27337
#284 18058
#285 7824
#286 24840
#287 19979
#288 23923
#289 8546
#290 34783
#291 22418
#292 29995
#293 26221
#294 30758
#295 13750
#296 3896
#297 14577
#298 33185
#299 17161
#300 13388
#301 9608
#302 17042
#303 15469
#304 16045
#305 32771
#306 23542
#307 29970
#308 22880
#309 20452
#310 33590
#311 6515
#312 22949
#313 21792
#314 20638
#315 34142
#316 12548
#317 17273
#318 2983
#319 8184
#320 14648
#321 24119
#322 30734
#323 32597
#324 31740
#325 23115
#326 31250
#327 22433
#328 14739
#329 32004
#330 17454
#331 30972
#332 29222
#333 15526
#334 17074
#335 26431
#336 14946
#337 14409
#338 12409
#339 18964
#340 11375
#341 30428
#342 6570
#343 15864
#344 9493
#345 6405
#346 6579
#347 40160
#348 10930
#349 11264
#350 9022
#351 28855
#352 16567
#353 26673
#354 6713
#355 17135
#356 15117
#357 10679
#358 19431
#359 11503
#360 22923
#361 20807
#362 28569
#363 8593
#364 9825
#365 20390
#366 15125
#367 20843
#368 23618
#369 28839
#370 6063
#371 15171
#372 5395
#373 18606
#374 23951
#375 17126
#376 20137
#377 19986
#378 30464
#379 17121
#380 8891
#381 10340
#382 8189
#383 32032
#384 8686
#385 23719
#386 751
#387 33835
#388 16381
#389 20924
#390 34728
#391 25560
#392 34326
#393 14411
#394 32682
#395 17607
#396 28157
#397 16509
#398 12026
#399 1253
#400 29561
#401 4503
#402 40162
#403 7936
#404 25380
#405 14633
#406 14161
#407 20261
#408 21832
#409 27445
#410 28648
#411 24663
#412 23313
#413 11904
#414 15033
#415 38358
#416 10284
#417 16754
#418 30263
#419 23451
#420 36980
#421 16271
#422 33838
#423 10649
#424 34040
#425 37229
#426 14120
#427 5008
#428 17346
#429 38393
#430 28859
#431 4400
#432 11520
#433 22286
#434 20035
#435 35386
#436 15825
#437 22244
#438 7703
#439 16162
#440 21203
#441 21695
#442 5214
#443 12966
#444 11674
#445 24734
#446 28360
#447 14900
#448 31347
#449 20169
#450 21678
#451 12330
#452 28720
#453 22036
#454 14988
#455 22915
#456 35124
#457 18798
#458 20626
#459 6054
#460 34020
#461 21587
#462 14091
#463 14986
#464 22510
#465 20781
#466 21804
#467 27650
#468 25688
#469 35086
#470 24906
#471 14289
#472 34315
#473 23720
#474 21195
#475 34652
#476 12205
#477 15781
#478 14674
#479 38655
#480 17409
#481 3027
#482 25030
#483 4332
#484 16327
#485 19000
#486 31385
#487 25018
#488 24697
#489 19402
#490 22101
#491 8234
#492 26457
#493 14156
#494 15525
#495 18658
#496 15564
#497 15092
#498 23373
#499 30315
#500 24452
#501 9654
#502 31234
#503 24623
#504 872
#505 35742
#506 14612
#507 22653
#508 33015
#509 14048
#510 28987
#511 16904
#512 31781
#513 14167
#514 8744
#515 14586
#516 15524
#517 28773
#518 23702
#519 22694
#520 36209
#521 9564
#522 11461
#523 12010
#524 17924
#525 17004
#526 28091
#527 19335
#528 23609
#529 14231
#530 14886
#531 26609
#532 29038
#533 16343
#534 16802
#535 28527
#536 25845
#537 24203
#538 22870
#539 25566
#540 30746
#541 6951
#542 20944
#543 12622
#544 15300
#545 12473
#546 12780
#547 13982
#548 10743
#549 7416
#550 21782
#551 17845
#552 34818
#553 15826
#554 8327
#555 10949
#556 9212
#557 28111
#558 15697
#559 32542
#560 25600
#561 10654
#562 10201
#563 10088
#564 31796
#565 20052
#566 19461
#567 26538
#568 23733
#569 9362
#570 30285
#571 30197
#572 11810
#573 33371
#574 27770
#575 6477
#576 10213
#577 10509
#578 6256
#579 4074
#580 20669
#581 18663
#582 25276
#583 16590
#584 14668
#585 19204
#586 11838
#587 11066
#588 17136
#589 19871
#590 38169
#591 34077
#592 32797
#593 22422
#594 10652
#595 33838
#596 23098
#597 11980
#598 33867
#599 20537
#600 29529
#601 13439
#602 28053
#603 1723
#604 23264
#605 11853
#606 21816
#607 15806
#608 5977
#609 26634
#610 33220
#611 7948
#612 26377
#613 10877
#614 19214
#615 16411
#616 17673
#617 7189
#618 14791
#619 22735
#620 32312
#621 21216
#622 29260
#623 12925
#624 12037
#625 32036
#626 13673
#627 25551
#628 31817
#629 25123
#630 26651
#631 6922
#632 16148
#633 22966
#634 3704
#635 2396
#636 24182
#637 13636
#638 32716
#639 6387
#640 19779
#641 10536
#642 15175
#643 34263
#644 16876
#645 17118
#646 25537
#647 23697
#648 24099
#649 7432
#650 25557
#651 12102
#652 13150
#653 18043
#654 12023
#655 16602
#656 11988
#657 16135
#658 7046
#659 18089
#660 24188
#661 17857
#662 19440
#663 29804
#664 5306
#665 13286
#666 10667
#667 13163
#668 26183
#669 17666
#670 30803
#671 20947
#672 14119
#673 31221
#674 14816
#675 34101
#676 5309
#677 4806
#678 29697
#679 22266
#680 7564
#681 31459
#682 12922
#683 16904
#684 11245
#685 14438
#686 28608
#687 29515
#688 26303
#689 17463
#690 12942
#691 11451
#692 10316
#693 16712
#694 11319
#695 18115
#696 32309
#697 12451
#698 23985
#699 21385
#700 19790
#701 13807
#702 15661
#703 18373
#704 36988
#705 35002
#706 16955
#707 17677
#708 7951
#709 24648
#710 10462
#711 6619
#712 19206
#713 19295
#714 16778
#715 15489
#716 32054
#717 25299
#718 13122
#719 25253
#720 13265
#721 14984
#722 16922
#723 14959
#724 17126
#725 25238
#726 25994
#727 17737
#728 7539
#729 8408
#730 14976
#731 25251
#732 13220
#733 15282
#734 15788
#735 23844
#736 18817
#737 20491
#738 18755
#739 12591
#740 13744
#741 8275
#742 10086
#743 8543
#744 8575
#745 11205
#746 13389
#747 28033
#748 26288
#749 6961
#750 29274
#751 17640
#752 2866
#753 8484
#754 28988
#755 19978
#756 31569
#757 20010
#758 22184
#759 12498
#760 34087
#761 10247
#762 3097
#763 21581
#764 15808
#765 33850
#766 23964
#767 6967
#768 30904
#769 20039
#770 14095
#771 33499
#772 24202
#773 15002
#774 3779
#775 8471
#776 13409
#777 9640
#778 34851
#779 5941
#780 29069
#781 30430
#782 25281
#783 18074
#784 23265
#785 32741
#786 10968
#787 25778
#788 2383
#789 23081
#790 33813
#791 37262
#792 7028
#793 14454
#794 15708
#795 29733
#796 24440
#797 26760
#798 21774
#799 14622
#800 10811
#801 18600
#802 9377
#803 15758
#804 12287
#805 9817
#806 21852
#807 19266
#808 16355
#809 33554
#810 28999
#811 15848
#812 5716
#813 6897
#814 12647
#815 23066
#816 15658
#817 8679
#818 26812
#819 25795
#820 12665
#821 14129
#822 21785
#823 27819
#824 7697
#825 8586
#826 20030
#827 11445
#828 9824
#829 18138
#830 3456
#831 27366
#832 18031
#833 13256
#834 6745
#835 24220
#836 25171
#837 10495
#838 16735
#839 4165
#840 2439
#841 28793
#842 17473
#843 26852
#844 17532
#845 8446
#846 15383
#847 10764
#848 21991
#849 16352
#850 4904
#851 32932
#852 4069
#853 18663
#854 30750
#855 28336
#856 11138
#857 13085
#858 34906
#859 27601
#860 19654
#861 21825
#862 19562
#863 14767
#864 19433
#865 13421
#866 30283
#867 26249
#868 30033
#869 10834
#870 16390
#871 33273
#872 22686
#873 7084
#874 9988
#875 33792
#876 22708
#877 19809
#878 17343
#879 10492
#880 21229
#881 3269
#882 22681
#883 14379
#884 12455
#885 14115
#886 31140
#887 16204
#888 15440
#889 19636
#890 15843
#891 13984
#892 37089
#893 32493
#894 12060
#895 23369
#896 17689
#897 27650
#898 5903
#899 15424
#900 38238
#901 40091
#902 40055
#903 40128
#904 40048
#905 40019
#906 40104
#907 40066
#908 40132
#909 40086
#910 40027
#911 40082
#912 40038
#913 40087
#914 40127
#915 40074
#916 40037
#917 40135
#918 40076
#919 40006
#920 40062
#921 40070
#922 40024
#923 40134
#924 40080
#925 40126
#926 40067
#927 40100
#928 40066
#929 40065
#930 40143
#931 40082
#932 40076
#933 40017
#934 40054
#935 40005
#936 40132
#937 40014
#938 39997
#939 40009
#940 40110
#941 40048
#942 40094
#943 40014
#944 40086
#945 40077
#946 40163
#947 40091
#948 40024
#949 40038
#950 40071
#951 40062
#952 40006
#953 40059
#954 40082
#955 40076
#956 40053
#957 40035
#958 40016
#959 40126
#960 40071
#961 40134
#962 40059
#963 40006
#964 40026
#965 40084
#966 40078
#967 40068
#968 40142
#969 40108
#970 40061
#971 40045
#972 40000
#973 40064
#974 40143
#975 39980
#976 39994
#977 40067
#978 40020
#979 40104
#980 40013
#981 40076
#982 40091
#983 40032
#984 40126
#985 40077
#986 40085
#987 39983
#988 39973
#989 40089
#990 40125
#991 40075
#992 40090
#993 40122
#994 40037
#995 40111
#996 40062
#997 40056
#998 40007
#999 40103
#1000 40001